Best accuracy obtained :0.736576
Final cuts :
averageInteractionsPerCrossing : 43.8282
                        p_Rhad : 0.00677551
                       p_Rhad1 : 0.0377865
           p_TRTTrackOccupancy : 0.468433
                p_topoetcone40 : 4.96027
            p_eTileGap3Cluster : 0.391874
                  p_phiModCalo : 1.51578e-05
                  p_etaModCalo : 0.0125259

Number of settings:     6561
Elapsed time      :   0.7597
task time [mus]   :    115.8
